Dates
10
10.2040816326531
10.4081632653061
10.6122448979592
10.8163265306122
11.0204081632653
11.2244897959184
11.4285714285714
11.6326530612245
11.8367346938776
12.0408163265306
12.2448979591837
12.4489795918367
12.6530612244898
12.8571428571429
13.0612244897959
13.265306122449
13.469387755102
13.6734693877551
13.8775510204082
14.0816326530612
14.2857142857143
14.4897959183673
14.6938775510204
14.8979591836735
15.1020408163265
15.3061224489796
15.5102040816327
15.7142857142857
15.9183673469388
16.1224489795918
16.3265306122449
16.530612244898
16.734693877551
16.9387755102041
17.1428571428571
17.3469387755102
17.5510204081633
17.7551020408163
17.9591836734694
18.1632653061224
18.3673469387755
18.5714285714286
18.7755102040816
18.9795918367347
19.1836734693878
19.3877551020408
19.5918367346939
19.7959183673469
20
